********************************************************************************
STREME - Sensitive, Thorough, Rapid, Enriched Motif Elicitation
********************************************************************************
MEME version 5.5.4 (Release date: Fri Jun 16 12:19:08 2023 -0700)

For further information on how to interpret these results please access https://meme-suite.org/meme.
To get a copy of the MEME Suite software please access https://meme-suite.org.

********************************************************************************


********************************************************************************
REFERENCE
********************************************************************************
If you use this program in your research, please cite:

Timothy L. Bailey,
"STREME: accurate and versatile sequence motif discovery",
Bioinformatics, Mar. 24, 2021.
********************************************************************************


ALPHABET= ACGU

strands: +

Background letter frequencies
A 0.27 C 0.232 G 0.238 U 0.26 

MOTIF 1-UGAAUGUAA STREME-1
letter-probability matrix: alength= 4 w= 9 nsites= 715 E= 1.3e-006
 0.000124 0.029344 0.000110 0.970422
 0.000124 0.000107 0.999649 0.000120
 0.999664 0.000107 0.000110 0.000120
 0.825921 0.000107 0.000110 0.173862
 0.000124 0.000107 0.000110 0.999659
 0.000124 0.000107 0.999649 0.000120
 0.000124 0.000107 0.000110 0.999659
 0.851640 0.032347 0.115894 0.000120
 0.693661 0.133175 0.116339 0.056825

MOTIF 2-GAGGASGAG STREME-2
letter-probability matrix: alength= 4 w= 9 nsites= 801 E= 2.1e-004
 0.000125 0.000107 0.997319 0.002449
 0.814689 0.060060 0.103011 0.022240
 0.000125 0.232028 0.547524 0.220324
 0.000125 0.000107 0.999648 0.000120
 0.922269 0.028419 0.000110 0.049202
 0.037845 0.346106 0.544088 0.071961
 0.000125 0.000107 0.999648 0.000120
 0.964729 0.035041 0.000110 0.000120
 0.070842 0.166431 0.762608 0.000120

MOTIF 3-AAUGUGGWAA STREME-3
letter-probability matrix: alength= 4 w= 10 nsites= 171 E= 3.2e-004
 0.999019 0.000312 0.000320 0.000349
 0.999019 0.000312 0.000320 0.000349
 0.000362 0.000312 0.000320 0.999006
 0.000362 0.000312 0.998977 0.000349
 0.000362 0.028255 0.000320 0.971063
 0.000362 0.009622 0.989667 0.000349
 0.000362 0.000312 0.998977 0.000349
 0.516244 0.000312 0.000320 0.483124
 0.999019 0.000312 0.000320 0.000349
 0.999019 0.000312 0.000320 0.000349

MOTIF 4-AAMUACAA STREME-4
letter-probability matrix: alength= 4 w= 8 nsites= 2563 E= 4.5e-004
 0.934900 0.004959 0.039245 0.020896
 0.944955 0.001064 0.016792 0.037189
 0.588059 0.313721 0.095612 0.002609
 0.159561 0.040928 0.059769 0.739742
 0.981448 0.018201 0.000168 0.000183
 0.019312 0.850997 0.014176 0.115516
 0.567731 0.020622 0.205823 0.205824
 0.831112 0.011663 0.017526 0.139700

MOTIF 5-CCACCACCAC STREME-5
letter-probability matrix: alength= 4 w= 10 nsites= 451 E= 4.1e-003
 0.035521 0.906965 0.021209 0.036306
 0.011127 0.897174 0.039475 0.052223
 0.843930 0.006016 0.091405 0.058649
 0.013748 0.910023 0.018818 0.057412
 0.009843 0.874105 0.097681 0.018372
 0.755723 0.103966 0.082841 0.057471
 0.018022 0.908063 0.030144 0.043770
 0.022239 0.885203 0.082770 0.009788
 0.751379 0.035968 0.142809 0.069844
 0.003494 0.982846 0.002840 0.010819

MOTIF 6-UGAWGAUG STREME-6
letter-probability matrix: alength= 4 w= 8 nsites= 1799 E= 5.5e-003
 0.000201 0.048708 0.125883 0.825207
 0.048609 0.020125 0.931072 0.000194
 0.868457 0.061878 0.000178 0.069487
 0.637372 0.002525 0.038940 0.321163
 0.000201 0.000173 0.999432 0.000194
 0.922562 0.000173 0.065901 0.011364
 0.108569 0.060349 0.000178 0.830904
 0.000201 0.000173 0.999432 0.000194

MOTIF 7-AGAAACCCUA STREME-7
letter-probability matrix: alength= 4 w= 10 nsites= 153 E= 6.2e-003
 0.999096 0.000287 0.000295 0.000322
 0.000334 0.000287 0.999057 0.000322
 0.999096 0.000287 0.000295 0.000322
 0.999096 0.000287 0.000295 0.000322
 0.999096 0.000287 0.000295 0.000322
 0.000334 0.999049 0.000295 0.000322
 0.000334 0.973294 0.026051 0.000322
 0.000334 0.955363 0.043981 0.000322
 0.000334 0.000287 0.000295 0.999084
 0.999096 0.000287 0.000295 0.000322

MOTIF 8-UUUUUUUUUU STREME-8
letter-probability matrix: alength= 4 w= 10 nsites= 580 E= 7.5e-003
 0.000281 0.000242 0.000248 0.999229
 0.000281 0.000242 0.000248 0.999229
 0.084952 0.000242 0.000248 0.914558
 0.033296 0.000242 0.000248 0.966214
 0.179966 0.000242 0.000248 0.819544
 0.043512 0.000242 0.000248 0.955998
 0.000281 0.000242 0.000248 0.999229
 0.000281 0.000242 0.000248 0.999229
 0.000281 0.000242 0.000248 0.999229
 0.000281 0.000242 0.000248 0.999229

MOTIF 9-UCAUCUUCD STREME-9
letter-probability matrix: alength= 4 w= 9 nsites= 1683 E= 8.2e-003
 0.041862 0.114361 0.083339 0.760438
 0.047062 0.888315 0.021858 0.042766
 0.789001 0.046407 0.145675 0.018917
 0.024995 0.000769 0.025387 0.948848
 0.010561 0.963099 0.007611 0.018729
 0.098075 0.027744 0.140442 0.733738
 0.158195 0.157482 0.040663 0.643660
 0.006090 0.964039 0.028388 0.001483
 0.282818 0.095798 0.299460 0.321925

MOTIF 10-GGAGAGAAAC STREME-10
letter-probability matrix: alength= 4 w= 10 nsites= 129 E= 1.7e-002
 0.024509 0.021100 0.930764 0.023627
 0.024509 0.021100 0.930764 0.023627
 0.933600 0.021100 0.021673 0.023627
 0.024509 0.021100 0.930764 0.023627
 0.933600 0.021100 0.021673 0.023627
 0.024509 0.021100 0.930764 0.023627
 0.933600 0.021100 0.021673 0.023627
 0.933600 0.021100 0.021673 0.023627
 0.933600 0.021100 0.021673 0.023627
 0.024509 0.930191 0.021673 0.023627

MOTIF 11-GUGGKAAAGC STREME-11
letter-probability matrix: alength= 4 w= 10 nsites= 128 E= 3.1e-002
 0.000493 0.000424 0.998608 0.000475
 0.000493 0.090147 0.000436 0.908924
 0.008937 0.000424 0.990164 0.000475
 0.000493 0.025761 0.973271 0.000475
 0.000493 0.000424 0.663830 0.335253
 0.994873 0.000424 0.000436 0.004267
 0.985998 0.000424 0.000436 0.013142
 0.993409 0.005680 0.000436 0.000475
 0.000493 0.000424 0.998608 0.000475
 0.000493 0.998597 0.000436 0.000475

MOTIF 12-GGGGGUGGGG STREME-12
letter-probability matrix: alength= 4 w= 10 nsites= 263 E= 8.1e-002
 0.032949 0.007859 0.905513 0.053679
 0.066753 0.012196 0.890159 0.030892
 0.000257 0.016187 0.983308 0.000248
 0.000257 0.021331 0.978164 0.000248
 0.000257 0.000221 0.874550 0.124972
 0.172438 0.075184 0.047093 0.705284
 0.024524 0.000221 0.975007 0.000248
 0.000257 0.000221 0.999274 0.000248
 0.000257 0.010405 0.989090 0.000248
 0.000257 0.000221 0.986972 0.012550

MOTIF 13-UGACWUC STREME-13
letter-probability matrix: alength= 4 w= 7 nsites= 912 E= 8.4e-002
 0.000469 0.172661 0.000415 0.826455
 0.017510 0.000404 0.981615 0.000470
 0.998728 0.000404 0.000415 0.000452
 0.000469 0.998663 0.000415 0.000452
 0.351245 0.000404 0.025805 0.622546
 0.138626 0.000404 0.000415 0.860554
 0.015004 0.984128 0.000415 0.000452

MOTIF 14-CCUCUGCCUC STREME-14
letter-probability matrix: alength= 4 w= 10 nsites= 363 E= 1.2e-001
 0.088128 0.833090 0.014029 0.064754
 0.027772 0.971777 0.000216 0.000235
 0.065951 0.028647 0.006486 0.898916
 0.000244 0.956866 0.024976 0.017914
 0.062488 0.013873 0.050851 0.872788
 0.003379 0.018674 0.709895 0.268052
 0.000244 0.958664 0.011327 0.029766
 0.009527 0.977842 0.000216 0.012415
 0.000244 0.020677 0.003639 0.975441
 0.000244 0.989318 0.000216 0.010222

MOTIF 15-GCUGCUGCUG STREME-15
letter-probability matrix: alength= 4 w= 10 nsites= 537 E= 1.8e-001
 0.000148 0.000128 0.999581 0.000143
 0.102015 0.829060 0.068782 0.000143
 0.077604 0.003172 0.227581 0.691642
 0.016019 0.000128 0.983711 0.000143
 0.000148 0.943954 0.024832 0.031066
 0.000148 0.057915 0.185278 0.756658
 0.014141 0.000128 0.917573 0.068159
 0.000148 0.999578 0.000131 0.000143
 0.025500 0.040782 0.295225 0.638493
 0.099042 0.047298 0.826183 0.027476

MOTIF 16-CCCCACCCC STREME-16
letter-probability matrix: alength= 4 w= 9 nsites= 486 E= 2.1e-001
 0.037994 0.914810 0.000287 0.046909
 0.000325 0.846431 0.084495 0.068749
 0.000325 0.982448 0.016914 0.000313
 0.000325 0.999075 0.000287 0.000313
 0.655653 0.038719 0.084559 0.221069
 0.059422 0.939977 0.000287 0.000313
 0.000325 0.980678 0.018684 0.000313
 0.000325 0.999075 0.000287 0.000313
 0.123339 0.876060 0.000287 0.000313

MOTIF 17-UAUUUAUA STREME-17
letter-probability matrix: alength= 4 w= 8 nsites= 714 E= 3.3e-001
 0.041693 0.035142 0.012167 0.910998
 0.999076 0.000294 0.000302 0.000329
 0.009831 0.005032 0.009433 0.975705
 0.126095 0.018028 0.069535 0.786342
 0.034203 0.026810 0.014941 0.924045
 0.933906 0.029067 0.036698 0.000329
 0.000341 0.000294 0.013206 0.986159
 0.746370 0.020231 0.000302 0.233097

MOTIF 18-UUUUAAAU STREME-18
letter-probability matrix: alength= 4 w= 8 nsites= 696 E= 5.1e-001
 0.000489 0.000421 0.000432 0.998659
 0.035265 0.000421 0.000432 0.963882
 0.000489 0.051110 0.177644 0.770757
 0.234820 0.000421 0.000432 0.764327
 0.998676 0.000421 0.000432 0.000471
 0.998676 0.000421 0.000432 0.000471
 0.901358 0.000421 0.097751 0.000471
 0.000489 0.000421 0.000432 0.998659

MOTIF 19-UGACUUUG STREME-19
letter-probability matrix: alength= 4 w= 8 nsites= 1352 E= 5.5e-001
 0.046706 0.047778 0.000281 0.905235
 0.025701 0.000273 0.898898 0.075127
 0.849986 0.000273 0.149435 0.000306
 0.000317 0.915060 0.084317 0.000306
 0.105297 0.061531 0.030112 0.803060
 0.017613 0.041791 0.000281 0.940315
 0.000317 0.013738 0.076540 0.909404
 0.085675 0.000273 0.913746 0.000306

MOTIF 20-CAGCAGCAGC STREME-20
letter-probability matrix: alength= 4 w= 10 nsites= 401 E= 7.8e-001
 0.000288 0.926753 0.072681 0.000278
 0.774229 0.079475 0.000255 0.146041
 0.032635 0.000248 0.926094 0.041024
 0.000288 0.955531 0.000255 0.043926
 0.874764 0.018740 0.106219 0.000278
 0.060177 0.045680 0.859215 0.034929
 0.000288 0.999180 0.000255 0.000278
 0.868345 0.131123 0.000255 0.000278
 0.054703 0.031282 0.913737 0.000278
 0.000288 0.999180 0.000255 0.000278

********************************************************************************
Stopped because maximum number of motifs (20) reached.
********************************************************************************
COMMAND:	streme --verbosity 1 --oc streme_out -rna --minw 5 --maxw 10 --order 2 --bfile ./background --seed 0 --align center --time 4740 --totallength 4000000 --evalue --nmotifs 20 --p mirBS_500_both_sides_transcripts.fasta
********************************************************************************
CPU:		noble-meme.grid.gs.washington.edu
********************************************************************************
FINALTIME:	307.68 seconds
********************************************************************************
