********************************************************************************
STREME - Sensitive, Thorough, Rapid, Enriched Motif Elicitation
********************************************************************************
MEME version 5.5.3 (Release date: Sat Jun 10 16:19:38 2023 -0700)

For further information on how to interpret these results please access https://meme-suite.org/meme.
To get a copy of the MEME Suite software please access https://meme-suite.org.

********************************************************************************


********************************************************************************
REFERENCE
********************************************************************************
If you use this program in your research, please cite:

Timothy L. Bailey,
"STREME: accurate and versatile sequence motif discovery",
Bioinformatics, Mar. 24, 2021.
********************************************************************************


ALPHABET= ACGU

strands: +

Background letter frequencies
A 0.26 C 0.223 G 0.233 U 0.284 

MOTIF 1-UGAAUGUAA STREME-1
letter-probability matrix: alength= 4 w= 9 nsites= 2017 E= 2.9e-016
 0.149797 0.080536 0.013731 0.755936
 0.000051 0.000044 0.999850 0.000056
 0.999855 0.000044 0.000046 0.000056
 0.789951 0.000044 0.000046 0.209960
 0.000051 0.000044 0.000046 0.999860
 0.000051 0.000044 0.999850 0.000056
 0.000051 0.000044 0.000046 0.999860
 0.665539 0.076891 0.134361 0.123209
 0.507948 0.116726 0.167122 0.208204

MOTIF 2-ARUGUGGUAA STREME-2
letter-probability matrix: alength= 4 w= 10 nsites= 260 E= 7.6e-007
 0.999420 0.000175 0.000182 0.000222
 0.398753 0.000175 0.600850 0.000222
 0.000203 0.000175 0.000182 0.999440
 0.000203 0.000175 0.986296 0.013326
 0.000203 0.000175 0.000182 0.999440
 0.000203 0.005599 0.993975 0.000222
 0.000203 0.000175 0.999400 0.000222
 0.000203 0.119076 0.243837 0.636884
 0.999420 0.000175 0.000182 0.000222
 0.999420 0.000175 0.000182 0.000222

MOTIF 3-GGURAGU STREME-3
letter-probability matrix: alength= 4 w= 7 nsites= 1740 E= 5.4e-004
 0.111542 0.044836 0.843376 0.000246
 0.000225 0.007440 0.992089 0.000246
 0.000225 0.018311 0.000202 0.981262
 0.565496 0.000193 0.401589 0.032722
 0.922929 0.004527 0.072297 0.000246
 0.000225 0.000193 0.999336 0.000246
 0.036712 0.027482 0.117008 0.818798

MOTIF 4-CAUACUGGAG STREME-4
letter-probability matrix: alength= 4 w= 10 nsites= 181 E= 6.6e-004
 0.000257 0.999231 0.000231 0.000281
 0.996421 0.000221 0.003077 0.000281
 0.000257 0.000221 0.000231 0.999292
 0.999267 0.000221 0.000231 0.000281
 0.000257 0.999231 0.000231 0.000281
 0.000257 0.082617 0.013952 0.903174
 0.046692 0.007080 0.945946 0.000281
 0.000257 0.000221 0.999241 0.000281
 0.978693 0.020796 0.000231 0.000281
 0.000257 0.000221 0.964941 0.034582

MOTIF 5-AAAGCCUUUG STREME-5
letter-probability matrix: alength= 4 w= 10 nsites= 167 E= 6.6e-004
 0.932682 0.020291 0.021191 0.025836
 0.932682 0.020291 0.021191 0.025836
 0.932682 0.020291 0.021191 0.025836
 0.023591 0.020291 0.930282 0.025836
 0.023591 0.929382 0.021191 0.025836
 0.023591 0.929382 0.021191 0.025836
 0.023591 0.020291 0.021191 0.934927
 0.023591 0.020291 0.021191 0.934927
 0.023591 0.020291 0.021191 0.934927
 0.023591 0.020291 0.930282 0.025836

MOTIF 6-GGGGYGGGG STREME-6
letter-probability matrix: alength= 4 w= 9 nsites= 556 E= 1.5e-003
 0.050678 0.000166 0.855128 0.094028
 0.000193 0.000166 0.999430 0.000211
 0.000193 0.000166 0.999430 0.000211
 0.040786 0.000166 0.920104 0.038945
 0.124913 0.301875 0.045285 0.527927
 0.000193 0.052898 0.862239 0.084671
 0.000193 0.000166 0.999430 0.000211
 0.000193 0.000166 0.999430 0.000211
 0.053170 0.000166 0.939952 0.006712

MOTIF 7-AGAAACCYUA STREME-7
letter-probability matrix: alength= 4 w= 10 nsites= 259 E= 1.5e-003
 0.986446 0.004536 0.007522 0.001496
 0.000165 0.004536 0.978816 0.016484
 0.975079 0.022119 0.001776 0.001026
 0.990742 0.000141 0.000148 0.008969
 0.995137 0.000141 0.000148 0.004574
 0.000165 0.999508 0.000148 0.000180
 0.000165 0.995114 0.004542 0.000180
 0.167762 0.340356 0.068094 0.423788
 0.000264 0.000141 0.000148 0.999447
 0.999531 0.000141 0.000148 0.000180

MOTIF 8-CACACUGGAG STREME-8
letter-probability matrix: alength= 4 w= 10 nsites= 87 E= 2.3e-003
 0.000668 0.998000 0.000600 0.000732
 0.998093 0.000575 0.000600 0.000732
 0.000668 0.998000 0.000600 0.000732
 0.998093 0.000575 0.000600 0.000732
 0.000668 0.998000 0.000600 0.000732
 0.000668 0.000575 0.125658 0.873099
 0.000668 0.007981 0.990619 0.000732
 0.000668 0.000575 0.998025 0.000732
 0.998093 0.000575 0.000600 0.000732
 0.000668 0.000575 0.998025 0.000732

MOTIF 9-CCCCACCCC STREME-9
letter-probability matrix: alength= 4 w= 9 nsites= 432 E= 2.7e-003
 0.060657 0.938892 0.000203 0.000248
 0.000226 0.895132 0.026886 0.077756
 0.000226 0.999323 0.000203 0.000248
 0.014631 0.943758 0.002278 0.039332
 0.559321 0.050315 0.276944 0.113421
 0.000226 0.941241 0.058285 0.000248
 0.000226 0.974736 0.024790 0.000248
 0.000226 0.890400 0.017261 0.092113
 0.044710 0.954839 0.000203 0.000248

MOTIF 10-UUUAUUUU STREME-10
letter-probability matrix: alength= 4 w= 8 nsites= 1461 E= 3.0e-003
 0.042673 0.006077 0.021350 0.929900
 0.038607 0.000885 0.007326 0.953183
 0.016674 0.021657 0.015618 0.946051
 0.841763 0.000198 0.157786 0.000253
 0.059977 0.002376 0.024538 0.913109
 0.040857 0.010816 0.002012 0.946315
 0.063953 0.003521 0.018213 0.914313
 0.058890 0.074075 0.005856 0.861179

MOTIF 11-CCAAUGUGGU STREME-11
letter-probability matrix: alength= 4 w= 10 nsites= 150 E= 6.5e-003
 0.062350 0.739270 0.040641 0.157739
 0.000461 0.993503 0.000415 0.005621
 0.967367 0.000397 0.025069 0.007167
 0.984439 0.000397 0.000415 0.014749
 0.049787 0.025051 0.039781 0.885381
 0.000461 0.000397 0.997489 0.001652
 0.012788 0.049714 0.030189 0.907309
 0.002835 0.000397 0.983936 0.012832
 0.031954 0.000397 0.967143 0.000505
 0.000461 0.118791 0.000415 0.880333

MOTIF 12-UACUCUCCAA STREME-12
letter-probability matrix: alength= 4 w= 10 nsites= 124 E= 1.2e-002
 0.000495 0.000426 0.000445 0.998634
 0.998586 0.000426 0.000445 0.000543
 0.059463 0.657843 0.282152 0.000543
 0.000495 0.000426 0.000445 0.998634
 0.013727 0.985285 0.000445 0.000543
 0.000495 0.000426 0.026911 0.972168
 0.013727 0.799844 0.000445 0.185984
 0.000495 0.990478 0.000445 0.008582
 0.958884 0.000426 0.040147 0.000543
 0.998586 0.000426 0.000445 0.000543

MOTIF 13-CUACCUCC STREME-13
letter-probability matrix: alength= 4 w= 8 nsites= 787 E= 1.8e-002
 0.000562 0.962635 0.000349 0.036455
 0.016576 0.072276 0.006989 0.904158
 0.798335 0.025931 0.107702 0.068033
 0.015780 0.978552 0.001920 0.003748
 0.075019 0.781136 0.113232 0.030612
 0.046393 0.007474 0.077240 0.868893
 0.049772 0.867182 0.009779 0.073267
 0.218308 0.667657 0.027667 0.086368

MOTIF 14-CAUAAAAGAA STREME-14
letter-probability matrix: alength= 4 w= 10 nsites= 147 E= 7.0e-002
 0.000354 0.998941 0.000318 0.000387
 0.998991 0.000304 0.000318 0.000387
 0.000354 0.000304 0.000318 0.999024
 0.998991 0.000304 0.000318 0.000387
 0.998991 0.000304 0.000318 0.000387
 0.967489 0.000304 0.000318 0.031889
 0.857134 0.142161 0.000318 0.000387
 0.000354 0.000304 0.998955 0.000387
 0.998991 0.000304 0.000318 0.000387
 0.998991 0.000304 0.000318 0.000387

MOTIF 15-AGCCUUUUCA STREME-15
letter-probability matrix: alength= 4 w= 10 nsites= 116 E= 1.2e-001
 0.997019 0.001868 0.000502 0.000612
 0.000558 0.000480 0.990289 0.008673
 0.000558 0.998329 0.000502 0.000612
 0.000558 0.992139 0.006691 0.000612
 0.056917 0.000480 0.000502 0.942101
 0.015473 0.000480 0.000502 0.983545
 0.032515 0.000480 0.066911 0.900094
 0.207929 0.000480 0.109244 0.682347
 0.000558 0.998329 0.000502 0.000612
 0.998407 0.000480 0.000502 0.000612

MOTIF 16-GCUGCUG STREME-16
letter-probability matrix: alength= 4 w= 7 nsites= 1680 E= 2.3e-001
 0.000347 0.000298 0.998975 0.000380
 0.098426 0.900883 0.000311 0.000380
 0.000347 0.000298 0.000311 0.999044
 0.030037 0.000298 0.969285 0.000380
 0.000347 0.920602 0.000311 0.078740
 0.085666 0.101154 0.030269 0.782911
 0.076148 0.000298 0.844746 0.078807

MOTIF 17-CAUACAGGAG STREME-17
letter-probability matrix: alength= 4 w= 10 nsites= 68 E= 3.1e-001
 0.023591 0.929382 0.021191 0.025836
 0.932682 0.020291 0.021191 0.025836
 0.023591 0.020291 0.021191 0.934927
 0.932682 0.020291 0.021191 0.025836
 0.023591 0.929382 0.021191 0.025836
 0.932682 0.020291 0.021191 0.025836
 0.023591 0.020291 0.930282 0.025836
 0.023591 0.020291 0.930282 0.025836
 0.932682 0.020291 0.021191 0.025836
 0.023591 0.020291 0.930282 0.025836

MOTIF 18-UUUAAAUA STREME-18
letter-probability matrix: alength= 4 w= 8 nsites= 1058 E= 4.6e-001
 0.035015 0.028803 0.017673 0.918509
 0.100232 0.000361 0.000377 0.899030
 0.123717 0.065538 0.000377 0.810368
 0.938620 0.000361 0.000377 0.060641
 0.962161 0.037002 0.000377 0.000460
 0.949972 0.049191 0.000377 0.000460
 0.192435 0.000361 0.130431 0.676773
 0.952368 0.046794 0.000377 0.000460

MOTIF 19-UCAUCUUCS STREME-19
letter-probability matrix: alength= 4 w= 9 nsites= 787 E= 5.4e-001
 0.016034 0.123875 0.082467 0.777624
 0.011495 0.955725 0.019584 0.013195
 0.662505 0.107794 0.185184 0.044517
 0.052949 0.000101 0.009367 0.937583
 0.007880 0.991886 0.000105 0.000129
 0.004371 0.063766 0.232391 0.699472
 0.164727 0.189606 0.049151 0.596516
 0.024351 0.941515 0.008909 0.025225
 0.213027 0.475338 0.253431 0.058204

MOTIF 20-CACCGAC STREME-20
letter-probability matrix: alength= 4 w= 7 nsites= 743 E= 1.1e+000
 0.000415 0.933148 0.030520 0.035918
 0.897589 0.070115 0.031842 0.000454
 0.022598 0.945357 0.000372 0.031672
 0.000415 0.821845 0.000372 0.177368
 0.000415 0.233805 0.765326 0.000454
 0.814888 0.063125 0.054125 0.067862
 0.000415 0.998759 0.000372 0.000454

********************************************************************************
Stopped because maximum number of motifs (20) reached.
********************************************************************************
COMMAND:	streme --verbosity 1 --oc streme_out -rna --minw 5 --maxw 10 --order 2 --bfile ./background --seed 0 --align center --time 4740 --totallength 4000000 --evalue --nmotifs 20 --p mirBS_200_both_sides.fasta --parse-genomic-coord
********************************************************************************
CPU:		noble-meme.grid.gs.washington.edu
********************************************************************************
FINALTIME:	226.00 seconds
********************************************************************************
